Eigvals	59
2.214461332206603	1.3533693203549282	0.9606807283970271	0.8444223406097439	0.5764505645643683	0.5334430569221155	0.4584606778966877	0.4131687138939243	0.377690356208382	0.36731599125730735	0.3348199159110617	0.32824675358877886	0.32046162003715883	0.29592601907021204	0.2940394982004322	0.2791530228124486	0.2713259724400922	0.25520634152400545	0.2503182968759403	0.2460365870059818	0.23879602337605788	0.23540200900420605	0.22411511161302292	0.2186002559668952	0.21677399668696068	0.20167277786429766	0.19747325294208046	0.18684729410653508	0.17902165233704379	0.17686484500357627	0.1729786669223258	0.1675215185377428	0.16375742247548217	0.15825893158814136	0.15413879498692518	0.14856878482901956	0.14316880416729605	0.1393582590258394	0.13346758075352935	0.1315626413914309	0.1252102802152873	0.11989764364282839	0.11940477641241103	0.11295537442447154	0.10643167382795085	0.10356833761925645	0.09862229468204138	0.09146172659890453	0.08675677191828439	0.0832273558521416	0.07651715236921032	0.07640334463141371	0.06964172882863001	0.06252202285055404	0.05266776104420346	0.038915898841932355	0.029378028362573604	0.025749043689564793	0.0

Proportion explained	59
0.13803564948813296	0.08436056679587867	0.059882819522018335	0.05263599979513242	0.03593231767933159	0.033251499024282545	0.028577567157237135	0.025754349801039335	0.023542851196538424	0.022896178263838555	0.02087057646127078	0.020460846692161142	0.019975570227622964	0.01844617453856869	0.018328580643500087	0.017400651007121272	0.016912761710518396	0.015907964882210794	0.015603274794418502	0.015336379819002273	0.01488504843254686	0.014673486834528895	0.013969932345028998	0.013626170785558465	0.013512333220560977	0.012571017823479016	0.012309245742951322	0.011646890023315832	0.011159088530192983	0.011024646669878674	0.010782406668813752	0.010442242218586743	0.010207612045942395	0.009864870563036313	0.009608047053202435	0.009260847506920059	0.008924246534474259	0.00868672101715999	0.008319533029084484	0.00820079104056633	0.007804824631950632	0.007473668142962385	0.007442945886821527	0.00704093056179971	0.006634283926877643	0.006455801481724184	0.00614749614385027	0.005701151178740906	0.005407873772761329	0.005187872081190397	0.004769600024463631	0.004762505962907868	0.0043410291841752095	0.003897231306761394	0.0032829783465120085	0.0024257733896432027	0.001831242283046692	0.001605034108157452	0.0

Species	0	0

Site	59	59
17	-0.21769484198933328	-0.05640589179640637	-0.14634928034945235	0.05994603145733181	0.00444246308360175	0.13316656221980971	-0.0672868021290707	-0.02728176601638819	0.07991437110704663	0.12210006177111166	-0.07947049789834769	0.061216698008385126	-0.004950075509219716	-0.029662370923498636	0.009657658895681433	-0.04588425488923718	-0.023594557768753483	-0.05626517210212179	-0.048595822169652476	0.09068718448256285	0.028959703435298065	-0.006707828590944737	-0.04967821661845517	-0.041328137609834344	0.08841276369100907	0.14181937643658887	0.02546917584434349	0.024019383001194706	0.1330690243976794	-0.08435478894438043	-0.04673188324819741	0.08160301102440533	-0.07661713430409199	2.7181930127452838e-05	0.03781103218782073	0.03111838683724875	0.02917067454959171	-0.046885192930803295	0.04994572915509861	-0.06120596664334118	0.08543508759531357	-0.006026156391044434	-0.021285046654634886	-0.05499234414478669	-0.07775793633964138	0.012496267029864212	0.04092515403096076	-0.052671264573262586	0.007475824177495725	-0.002726553108018615	0.0018158623118806976	-0.006207251034096673	0.017790415184248943	-0.007736125778425135	0.04445002439504178	0.014800164129961931	-0.017425702160307466	0.00013467027162898526	-0.0
11	0.07734093404805432	0.00929930297832425	-0.042893666662286827	-0.2705894504105201	0.06295152421551771	-0.06809839357974139	-0.04037012152298535	0.07970426100866404	-0.058720682816134406	-0.0923356004247617	0.006419712663556779	0.04474307363482983	-0.0951321551645183	-0.05819852719615299	0.05125455517980871	-0.010065253136842697	0.12152736463785722	-0.05026370028578718	-0.08494673757608859	0.11953002095280775	-0.05117793608985047	-0.03398300935483849	-0.04510331442501208	0.11030146184172845	-0.099367144811541	-0.016147284700719827	0.02027047819782053	-0.03669390563143415	0.018438801275290125	-0.030270379220196732	0.08697926465169768	-0.03500668366174967	-0.026058633126088013	0.06128645556058848	0.036033308031767096	0.023173154021371333	-0.03332916609071481	0.060501527415473697	0.07275336583398737	0.06557256435621849	-0.0235725008917622	-0.0799592135039729	0.014694750889241498	-0.00402507651337789	-0.09158876793366687	-0.0020506434897213377	0.08162775421614117	-0.011732883017751251	-0.026427474189559763	-0.02599558876076801	0.026271203333923687	0.0034949892937878313	0.009152824238311687	0.0340279250453626	-0.02621094933341586	-0.013331887502531139	-0.011323922575024363	0.00810441323398059	-0.0
48	0.06394776801043871	-0.16430559916639353	0.055994025949107094	-0.06319126075963892	0.009504884472392415	-0.12220401389031478	0.026851546002888742	-0.049185499790336595	-0.011679182564100627	-0.007797980006214508	0.0987463285718853	0.00022065444432618384	-0.10660546912397077	0.02639093798371118	-0.06994336176668185	0.10626890057343039	-0.0435773655701978	-0.007468080866830446	-0.006455050106664039	0.09374100577431924	-0.020794634646497036	-0.010768668672337113	-0.008966651383689088	0.010741681858413564	0.1325543964601922	0.04058032385619731	0.05547629160773037	0.0328733621219358	0.041087841666231334	-0.029897323927701638	-0.005262774455746703	0.04299907501172798	-0.052885605596978955	-0.015444117268854165	-0.022913198071259827	-0.06444716833053735	-0.0872267610749974	-0.03866748702650481	-0.021555625319788167	-0.06044473311661654	-0.09589007009744484	-0.004283322084399023	0.04441139874558246	-0.004486854184344179	0.041054329849024816	-0.061979701091680016	0.046948459091813784	0.09281008409265076	0.04870015442432572	0.05550062572325687	0.07694060959931244	-0.006086038892466485	-0.0589507297066636	0.0048362656528537	-0.001457307988037946	-0.0006635752845189058	-0.01615252364690203	0.010576329172959368	-0.0
50	0.21910314437851133	0.17611588622732496	-0.19727357684832408	0.01313529475387827	0.08320898224750521	0.03158608992275405	-0.12150058538442775	0.07432786630374555	-0.17448235173984625	0.15718095694006026	-0.02726948741963288	-0.20623250678545196	-0.19386788639214617	0.04627261712558964	-0.10685168101124753	-0.004087485317576319	0.08290508437498953	-0.025032468733174433	-0.04407381484197574	-0.023892523811298853	0.13486464963018513	-0.009395248288900369	0.050849271753424914	-0.0608615135027331	-0.0171371157841874	-0.014136160903900888	-0.05314177085697562	-0.07286052213212214	0.0492668702861381	-0.017596563673361446	0.00970509644278222	-0.02561292949486567	-0.06700142713375597	0.029252108622546714	-0.07000106441602467	-0.019100545833609216	0.023955247406828844	-0.019596177408243876	-0.035199090697016974	-0.001744768029939576	0.02706544374379883	-0.02905910486638531	0.03597637569706436	0.03746744584043749	0.008753181504211052	-0.052966364874707336	-0.02642632909799803	0.0004906272153279631	0.015188219023002637	-0.010664255008210983	-0.023200045043410656	0.005379617800048997	8.785153826803314e-05	-0.010023454758840356	0.004086754953277334	-0.01042277986026946	0.021954430680794335	0.0043951422932403455	-0.0
37	0.29380884369301236	-0.22058140121334371	0.09932501174784474	0.027185372168961306	-0.012342764094812228	0.10887199325776968	0.02182192290084108	-0.046763635429499524	-0.06936152850025967	-0.09553040336424493	0.017167926427458634	0.1356940109501399	-0.0020717363339567978	-0.0071854605963532795	-0.029937755609442982	0.0963117648502847	0.02933526972706671	-0.02531615334805211	-0.09153542537688782	-0.07649505805062827	0.02929399655667438	-0.022974040266236357	-0.0008950359655056465	-0.09020603831662863	-0.09912360473089318	0.055942270774423875	0.0010191657576668085	0.07233707914116486	-0.06613767216129565	-0.044283179818887144	0.052390568760250986	0.12987909254113725	-0.006596350249938552	0.11474138183630611	0.023480362739631867	-0.05842231703393572	-0.026064516295048946	-0.08315675511978096	-0.04229424814451458	0.10863309617917596	0.05184951469098714	0.0673528005797955	0.004307122960915706	0.015773365596284145	0.011512285280077498	-0.04839664860457095	0.006314504002529785	-0.035093272334218016	0.024874020750680816	-0.004165950139609253	-0.015039973740461062	0.02362184459699621	0.0025120738501320143	0.00661624787505766	0.002182678239703419	0.010665490304566353	0.006811949207191801	0.00296720120214091	-0.0
36	-0.0553652786336326	0.12955802270724792	-0.15836134505091476	0.0766017114120304	0.057933857430618976	0.017888836005939296	0.15365402101974526	0.15136058197477298	-0.04981005643682547	-0.0021248191148963806	-0.14878263206891632	0.10039861306831893	-0.18761490525909255	-0.057333060388152834	0.3057426090620997	0.10291110852323278	-0.03466366785045736	0.07870168006709112	0.11965241485102979	-0.0003358868934520155	-0.006860914360710632	0.02254200381614786	0.041453859834955045	-0.050938975772755635	0.023185523332823782	0.045507102697403455	0.021712294492892262	0.0016706994333269046	-0.00796819277583237	0.04736997217714708	-0.01808446296531241	0.007912682546873594	0.00012771862530108966	-0.019011184779638673	-0.061096342643126356	-0.044588932347424406	-0.012151310035328619	-0.015992208903116315	-0.009810696285284604	0.026697381148806393	0.007131150759173001	0.005910368932266104	0.010270927668484928	-0.028927007173056168	0.01690026183293659	0.007814984204225528	0.022312674951286263	0.027497081771469204	-0.0008319360244994788	-0.007883888370367603	-0.007452301221285603	0.014069336721915454	0.031106236288308907	-0.0027494908341295548	-0.018411531599137256	-0.008841495314510905	-0.0018077374737652694	-0.009202266862353632	-0.0
2	-0.010867866954737774	-0.20090562061530312	-0.01159136221400534	-0.03791221343491572	-0.1174698755853692	-0.05553704480175456	-0.053509307620964404	-0.019595343414826348	0.03683279359510193	0.07071785265962792	-0.042355879626219776	-0.017657359711148235	0.04795531297894796	0.004296274821806425	0.0035036236211776965	0.008264716138856506	-0.032949611324353256	-0.03600066025157351	0.11864640293381332	0.032810028460956285	-0.001972642929005844	-0.05896214502567036	-0.015326066643061725	0.027322716738460952	-0.005493993730784176	-0.0024709045532736	0.03729967650119389	0.0582486529812752	0.015041420117938365	-0.0025790221415462754	-0.06737660656835448	-0.06804931332029937	-0.003589978489271464	-0.008869109464738532	-0.03009474866332298	-0.0335478960485483	-0.09644083966011402	0.06869142706802922	-0.08396320676708022	-0.006715956772932872	-0.011021495051128514	0.027279929114795657	0.030931865131243148	0.0376023679910457	-0.03481250908209412	-0.030729943230427895	0.000692569507928867	-0.07035788382802954	0.08632066249084704	-0.1627023151195663	-0.02472006819696226	0.039651028022524855	-0.00781432894297488	0.0192169537842671	-0.015214941096813027	0.007025897937673525	0.0021514191465927734	0.003278872672264903	-0.0
40	-0.0013685993703278817	-0.06916326991278071	0.050519848563396946	-0.1329490472707924	0.0005937882150293892	-0.07677242330706976	0.00703727533933107	-0.16551761008275484	-0.09623770608700123	-0.09235845492643772	0.08719913963504308	0.12370935089775464	-0.1353058111094761	0.01993998309985275	-0.08178105329935453	0.041571326637434625	-0.06530654837243804	0.037346332173556485	0.09783797299179121	0.0054173807684308635	-0.004567784399570874	0.013879228825722316	-0.07560687342192501	-0.06734020469389823	-0.019801666300224022	0.012727382817096313	0.03992951222024961	-0.04912706997466184	0.06364788667776268	0.07497281307400001	-0.0032897545426266717	-0.04407764373028028	-0.05971856361464685	-0.035629144643522036	0.03794349705776056	0.04565058343350361	0.021561141302507428	-0.0047743673053201475	-0.029884324447454175	-0.048959874494484565	0.00814178336434976	-0.03089440015179633	-0.03461239059934603	0.006272368191414654	0.0965400852417929	0.0026000777991504816	0.03471124747800672	-0.10409635287344661	-0.09774811570282946	-0.01275583548406731	-0.032318319973893894	0.005864559079069363	0.016780727009268838	-0.0020976674147456234	0.012508640607984968	-0.014936225183312108	0.023723117243257905	0.004406521529406648	-0.0
46	0.31303615741666735	-0.1412351794216831	0.10856717673048266	0.04624123333644126	0.07814796980801876	0.1460756402839147	0.1574249163098357	-0.040756769730046126	0.1702604221098671	-0.08197405741092262	0.003560164652690585	0.01794379750893899	-0.04732739612827126	0.022897840401265208	-0.08228339026804452	0.005688940305188991	0.1387505488670921	-0.04655399846272427	0.10149064952516437	0.00695311296667697	0.1216544258945543	0.1425167616719934	0.14723863325123523	0.1649689714329718	0.05480929470594069	0.11322047887542104	0.01074442287671103	-0.018110842218326886	0.006928365689703998	0.046346504721300114	0.03967047717501292	-0.056544386975192096	0.04202903828172172	0.0033518974331486527	-0.013224008088932074	0.018589553572658242	0.0167032783154356	-0.02914153165837943	0.015878736432563132	-0.013911572217045394	0.023425276679779963	-0.008780482839085493	-0.018863282492428888	0.013883632946330852	-0.011785231677860048	-0.010975661679332891	-0.006201667610150532	-0.0045292352411696185	-0.003950373349132789	-0.031054643007154985	0.014985281178269048	-0.011477852887366332	0.0024734263748220214	-0.017238489882670613	-0.004063225911367894	-0.003646739999382709	0.003568874140168788	-0.005349569843343129	-0.0
58	-0.12760257659469984	-0.03786512170618191	-0.16143629043297472	0.017926123148462664	-0.03729973244864447	-0.004644532858748478	-0.12688075794650447	-0.013486443800577326	0.006581367371040242	-0.01439860083071261	0.0713010018065682	0.09891183687084748	0.040811505480807725	0.10251017533266649	-0.008800700461235494	0.035466640846091683	0.0020840062342716527	0.04589935815514304	-0.0293639012614483	-0.026768542594327014	0.05313558335126847	0.046691328931895024	0.04360656952170023	0.003638091138188201	0.07862138843788298	0.019532866564749823	0.07637644444894673	0.006879594119229769	-0.16824283143083396	-0.1163342210614819	0.05778222095568336	-0.009288232838431713	-0.08640588767457424	-0.08769992348879214	-0.10496466456150107	-0.05150978679610426	0.002282862577662652	0.08460824827014655	0.1370717412596555	0.011725077572697648	-0.012748618133414054	-0.0006575894751681044	0.002412902184818704	0.02921773477523889	0.01722974333871336	0.0050471478394089695	-0.010290773645029774	-0.006202051661452955	-0.03236047887270358	-0.01171156743107816	-0.060776711482922824	0.011784245095430334	0.005130397686303244	0.0031526321397322195	0.01093720621775824	0.0075450865215136	-0.004789292311352513	-0.0006749620247085252	-0.0
31	-0.24630385444263422	-0.1123328477381234	-0.07245393884258511	-0.05461680384982147	-0.06941598404724497	0.05772795115575979	-0.11073610658426755	0.01928858423704169	0.0026690171631572417	-0.035027042225978425	-0.016937187857589475	0.019939659135740164	0.02558690508378123	0.028268899807638984	-0.03369144418994549	0.021491147489671857	0.057018011020742276	-0.052018252074533006	0.020080749439085104	0.03149505392712017	-0.019418236567253125	0.04533512003402014	-0.0067338248869920625	-0.08240936201105958	-0.03460626246224592	-0.010067600102041501	-0.009965461844123077	0.03397338736015073	0.003477210343220505	0.007670520820068598	0.06786211814881137	0.0192323543737693	-0.004985489592648188	-0.0074098035412085775	-0.03702520871635395	0.03305015373989681	0.00876918698138409	0.010299104890420427	-0.044136659880644205	0.030258121268430083	0.023185537776321822	0.013447785519234966	0.0891492089916706	-0.012280881314319897	0.06875669406306123	0.10900181154822229	-0.016918005470307137	0.045719569010323716	0.000756730583437586	-0.07182442139246757	0.08245631460301377	-0.13499484785101953	0.03328608519097097	-0.03835075059617519	0.010235534219270159	-0.03775123007492553	-0.007239341553346818	-0.0026226609801391063	-0.0
39	0.3901678247354281	-0.05412708139482397	-0.0039947467050888115	0.03765938320009617	0.017567679453132926	0.2691724677869401	-0.004141784829735634	-0.06667535136520768	-0.019967078947757316	-0.0990412058895124	-0.09952572195891163	-0.0671354417511178	-0.11173278405919351	0.07230741632239364	-0.04260973623118982	0.02334274428038365	-0.07446846246925741	-0.08382237704119792	0.0432049275441014	0.043443268180436576	-0.0944303982368717	0.040031338228916455	-0.11030430878451584	0.030526900441746038	0.05882263757944637	-0.16908598448388437	-0.0194467490606903	0.07060897311592668	0.02621007063986644	-0.021771720384299066	-0.12594096059564208	-0.029532160741372885	0.022106413600081247	0.0331062579771886	-0.022573157737043992	-0.02935313449277823	0.01045766349110778	0.027333275767023504	0.1003880373179573	0.05263928087180398	-0.009123674096575017	0.020380675907024255	0.008636383772690085	0.009543737508939491	0.014435160109045903	0.04025975959020864	-0.020437580920789438	-0.007122783707281513	0.0012479863766214768	0.027579966398753455	-0.0031898024313661514	-0.00013563187242025137	0.018053176896636512	0.0029401796074719124	0.008001735518856712	0.012998993114120833	-0.008335183268234861	-0.002398516793338703	-0.0
53	0.04307477652927024	-0.01313325565346678	-0.24499122662228584	0.15921358157430035	0.08007441686050358	0.01094751889016153	-0.05622374731447266	0.1049129535006635	-0.08630433485241636	-0.033886927749817046	-0.04803344122517946	0.03009658884278472	0.08565313913711614	-0.030675596353194418	-0.07930386204575256	-0.06317050508056779	0.008905062806354587	0.029567587380148853	0.09525118795929535	-0.21120460754968173	0.058134749607695595	0.01711737948189486	-0.13248021441282914	0.038752228770948666	-0.029501341593963167	0.10609289386040612	-0.02720877432554353	0.016043048516122944	0.020397418186759227	0.01462063938801931	-0.017978653092823708	0.011603337931716893	0.023777526655265717	0.059988054830029516	0.028511591352780623	0.012868494439549896	-0.04184201186056954	0.07507345533499546	0.05517749242203984	-0.0409800894353548	-0.005162650389319604	-0.01625060450805371	-0.024852107152884745	0.003861418871489441	0.06358059242117715	0.035815429656463504	0.037427486501163065	0.029087230645928518	0.01231558252033059	0.0064464407270607895	0.06750488457836974	0.030243516146988406	-0.03729555274156904	0.059611329637708065	-0.011094660518324534	-0.0016252335189018902	0.004240714505264724	0.006170798822740168	-0.0
15	0.10964857753899064	-0.10606438098120245	0.11699978717896473	0.05146719128144784	0.06317776643664104	0.00792984912739822	-0.17281404372714368	0.026556725562095818	-0.06904856092182927	0.03302004165329054	0.10259500709283201	0.055188573781158934	0.1289613924629943	-0.061569516850734314	0.08695343833045946	0.04763988710927122	0.13882385514360526	-0.0746951223416226	0.05892663001232913	-0.09460635168462933	-0.024487247982892982	0.008289569860256793	0.1389235056108917	-0.16156164978802262	0.08738053830774536	-0.11727198054531579	0.08058109887726303	-0.024362492886424694	0.05118139603649706	0.04053584031761835	-0.06845069901539716	-0.048731562404316704	0.025920122296095	0.062243301116035925	0.007819147041903753	0.021717359063768305	-0.023166763943464147	-0.026796261618956436	0.05838901309175228	-0.022671416976857883	-0.03011723863078192	-0.022844182164838994	-0.0456247850632439	-0.04859242838323209	-0.03661268146742836	-0.03648141835610889	0.010047671007027598	-0.0013818227737674453	-0.01662823423408535	-0.002834185981773276	0.0033903841062592603	-0.02657377641984626	-0.009899647868735867	0.014560967425100633	0.0005447447415411722	-0.008429045504731144	-0.004884742068724959	2.6834862213341384e-05	-0.0
43	-0.01121998753532893	-0.09417445291035864	0.0481928270427362	0.08091347729237433	0.0033094536487025443	-0.16201078756370813	0.0022036219895967615	-0.05755719187019727	0.00305819228584853	0.05171666195947425	-0.008968385354187487	0.02699618215922935	-0.026636039381866535	0.08599589284614173	0.05169508003513462	0.005430020536695921	-0.07541110923991787	-0.040301879939778386	-0.00878530938112105	-0.08174244461843565	-0.05983825047194242	-0.051493882264146085	0.08462610300193484	0.05255504369214457	-0.026349444596974362	0.01736765124442996	-0.17537889426688588	-0.012242338863335039	-0.07313192360581687	0.050654228390774804	-0.019586667772049496	-0.08428377732658966	-0.1062599936048228	0.050417584118760364	0.07745088212011624	-0.02463988680173195	-0.06559917355440442	-0.0733376019618295	0.0923821174012751	-0.06854797809897166	0.05379735131448418	0.004639605980684802	0.08238966632118344	0.013387208470834992	-0.02461733347803414	0.045551777442505874	-0.0018280789797936645	-0.03809902236270236	0.023744205521185096	0.030861319154077308	0.0012455807921213876	-0.04324695527613633	0.00675141169130427	-0.015594684578196065	-0.03234646958874272	0.0037859456265975193	0.000326380523615386	-0.0009982181384610568	-0.0
6	0.25655812987845533	-0.19171855280397113	0.09952938514235178	-0.013410844816873163	-0.05541165328372953	0.055365162884872685	0.05942591122430415	-0.05111202777339202	-0.03372417883212967	0.09860197244395431	-0.04977953292111885	-0.04353132580790281	0.08668631389698134	-0.12438209777351784	0.007231150466758779	0.03086216027515606	-0.07526880676476692	-0.05789499705320662	-0.15318863229343238	-0.03179590964329672	0.04084667929793614	-0.09176372377736278	0.05333798969460694	0.0027317518213129752	0.05326295824793861	0.07121817034121723	-0.02805235446137204	-0.07728308329652804	0.07100737078014668	0.14217033915629843	0.017941964670874912	0.025222760617377243	-0.01880454080787176	-0.13039979392151396	-0.017055367313512496	-0.02297591124227704	0.00033295526655660276	0.06417021857492701	0.046916214402066635	0.11199262774827777	-0.056375518115511676	-0.019480898552968296	0.021678968007408646	-0.027023446656821035	0.04522654712502402	0.045927804506683746	-0.01473833481411707	-0.020289060332113164	-0.0035328176812225065	0.0005416647623285953	0.008111251860454251	0.009645305320632902	0.011756460051999726	0.026876185618197473	-0.005900913855766939	0.005704487120200965	7.144726938734095e-05	-0.0003987118660572	-0.0
33	-0.032678982748698036	0.1505183336291123	-0.08778633515225605	0.08834767445731187	0.036669452206174825	-0.01230586811902518	0.2225528256007422	-0.24571427303478247	-0.06910530889463985	0.019365949895960494	0.07637392265917083	-0.13545273013817738	0.10447925033899266	-0.10922431804053798	-0.017772489033445287	0.1769967401528027	0.1278023617991617	0.08650108783406024	0.04627465698836784	0.05335737440720785	-0.01311831236173834	-0.04356616916093385	-0.06448993972058155	-0.047446903659907363	-0.0140056911499011	0.05295462553588428	-0.07094013562489652	-0.013300990040880116	-0.04169296805722515	-0.08266815644197965	-0.05876876213390864	-0.016883835198777033	0.04021404354789343	-0.010043065226175344	-0.03605912919469101	0.08488613332427025	-0.039994256950244576	0.03370853998202106	0.032142899894938265	0.007150607997924546	0.025161536805184764	0.021638437674296233	0.04249105297650394	-0.012449376108645042	-0.03484115259620357	-0.00921478964562889	0.009523551503608037	0.00032504488216339905	-0.007714988407492692	0.011120608050638383	-0.010261362667283055	-0.024319067505149578	0.014000617062201997	0.013184078314652063	-0.0008874801917448607	-0.014155070605666242	0.0017477206323228088	-0.008683635746126453	-0.0
61	-0.11560966622849767	0.04003243786250264	-0.12277050009737119	0.100704563170885	0.03390422678347879	-0.046015519456061145	0.08733361731678611	-0.22013949060666346	0.05995696257348579	0.12877541829286857	-0.07888283674548632	0.020886721853483864	0.007035137204098101	0.09096989060951773	0.026368892096171114	-0.014994856132010292	0.07192312187687298	0.05847246619134921	-0.08516023080647703	-0.024389480343318337	-0.0824544482535523	-0.04048103688848524	0.038787720141928335	0.05533037804583344	0.0033231902795300794	-0.05771505110667433	0.05335717361707633	-0.065825322702567	-0.010290788876785195	-0.011993636254584755	0.013724480615792251	-0.04186226249448264	-0.04761008997117949	0.11814134266701594	0.003196820397025846	-0.04191694457030969	0.12754669657955336	0.03718044066659078	-0.03824414873897004	0.016777645324920876	-0.038015933975298066	0.02844842245897167	-0.09448150958962862	-0.035896764058062906	0.07849181575363919	-0.0013473378857639438	0.05016302583884485	0.0006807097630752631	0.04967128586036239	-0.026648962143212857	0.0414415012095184	-0.0038111904217904887	0.020739645260985394	0.001618606210392323	-0.007407420289402004	0.01246632227527994	-0.00933292189738033	0.008723879943973063	-0.0
12	-0.32212453383838974	0.037788410283017784	0.10228708750685442	0.02606316446900867	0.02529826625133227	0.11530571992034976	-0.028129281930521683	-0.09180551648328981	0.009482931691526864	-0.049117816872186054	0.003942824380409102	-0.08846581153993735	-0.04279745769179667	-0.017247525382770152	0.06217179721729732	-0.01786841143148806	0.006557113525640824	0.03875224581964824	-0.03894748175117351	-0.005640927617941969	0.011354384481814918	0.026582697782195196	0.011354262118707638	0.014170274913794995	-0.012701850843956225	-0.04857363399027656	-0.007774666555119214	0.025949442416950463	-0.04567254643523581	0.04920316696947001	0.037488009722786875	0.015529882717653454	0.00676660574589314	-0.0031790758207758158	0.0730690652458634	-0.05372555195506134	-0.03607525837315362	0.012754899841019842	0.005040749452854418	-0.02478903482051818	0.00027643542615504713	-0.05877452258156454	0.029062223550401372	-0.0518129347383217	-0.0046941790833854285	0.002841349239791099	0.0407522751402641	0.04592965943028725	0.009447275876103297	-0.0421398304792287	-0.008362455196043448	0.0009568164605589077	-0.03853929611679571	0.027956184990384336	0.0929615693502987	0.045179007093661364	0.0836668438884032	-0.04357854192488944	-0.0
9	-0.1874492394087477	-0.09912370882485673	0.14103179236372962	-0.04901531226433006	0.0984833933832783	-0.08280534681577707	0.00804408887801933	0.04166309617661159	0.023810328113026417	0.002681821680982928	0.019267882929686498	-0.011197610465966295	0.04836073770220733	-0.018253945576120614	-0.003876735576833823	-0.0073150900974420525	0.01381326057356767	-0.0373766965267311	-0.0016139000011880236	-8.212029113964059e-05	-0.0055667230984304174	0.021177190037066015	-0.014297186786456013	-0.01439506612980478	0.041281090689816474	-0.011813079268322433	-0.023546369432308794	-0.01638020740742891	0.006409634817948193	-0.04548213747881222	-0.010963541546400108	-0.01904447789241991	-0.02911227409749709	0.011206616135844134	0.011701668782640364	-0.0007138337374897133	-0.02662451028254465	0.002068280072424504	-0.02354077323494738	-0.011940148681616468	0.018807774178875976	0.008174802971450264	0.010306499068191068	0.05110424488763053	0.009222309505167347	-0.014915655132195905	-0.06150808930949647	0.058160099720310644	-0.04364046365544156	0.0037143552397641048	0.07348955812454308	0.09934860392787555	0.17758803333836734	0.011620672020011037	0.014126727017775087	0.03583076048101128	0.020260976535245816	0.008175468352528492	-0.0
59	-0.03272534691294005	0.11794321634894596	0.025526476086725525	-0.22462064113191516	0.0028718639016413424	-0.010224751473568234	-0.05142842427984409	-0.17934600670571918	-0.05861004131936941	0.01940774021897121	0.04631970172040251	0.07703252235134425	-0.025961310113671438	0.1489211928194556	0.07957253927925063	-0.10679234166451648	0.11231193454181905	0.04564098699889354	0.11118683789478075	-0.06995705263012082	0.07796540204269416	-0.07996647800890307	-0.06923343422507729	-0.011601083128050872	0.03560755846175781	-0.03073576760590656	-0.09766329728620653	0.08174210080481421	0.0765189171670762	0.05850365751930434	0.09294765605376783	0.015605074772520267	0.038217930591422464	-0.1110594714224465	0.0029580768637653596	-0.023444343181869103	0.024518238935822844	-0.004652548582078038	0.01600898279697021	0.04634748469797732	0.007852298792497702	0.05430288597938345	-0.028468000869826312	0.0004966316863886338	-0.070850752232497	-0.014318058011183625	-0.017990496661839963	0.028167596942932527	0.044794891154844675	0.02836786384590491	0.017168672769626	0.012098491629249091	0.0024758332330407037	-0.010602848180854866	0.0005878736816512177	0.009603376531279871	-0.015381685464298316	0.0028367201408459834	-0.0
16	0.19588934696644705	0.384047073258728	0.15719879802113093	0.23544049841350562	-0.2194656280505928	-0.09833578367229975	-0.12510031246804665	0.06985048567781973	0.10384653948128443	-0.11292458276837543	-0.1044627987600026	0.12407411025050513	0.002877537406820669	-0.06332322900341181	-0.06273336227013707	0.013848678620980938	0.12294511638547169	0.06306196007985822	-0.08470913999507693	0.040118659427987514	-0.026647172811289463	-0.022223874251911385	-0.08217218785184223	0.024525160383143365	0.14038513160431415	-0.04443862071623553	-0.0502186394184998	-0.045179156056076704	0.015208100708398094	0.05256062810374072	0.015617954406422462	-0.02874019277578359	-0.04767109174529859	-0.00012821843249400042	-0.04551839976139068	0.01948935944219778	-0.05790833258204493	0.015272894073466981	-0.045676778490018305	0.005793634032442666	0.07331500726058315	0.04610306132242955	-0.010002052459881474	-0.0032773065503841066	0.005761070669165188	-0.010424632857010617	0.005394557051879782	0.002387937666349407	0.0013476449741086644	0.015100532643328703	-0.00761512776839013	0.0010757399475245725	-0.01159831473319318	0.0012512610514707747	-0.003371427238281667	-0.005223017297343909	0.02025115566291382	-0.004238435255915114	-0.0
34	-0.023526478802459474	0.21119142251913323	0.25089575393466523	0.1543131026645259	-0.11151942894687931	-0.11855595093794898	-0.03515397797294267	-0.05302362220198073	-0.03395642984595749	-0.07194768747052885	-0.013781166412417632	-0.04611579119101364	-0.1307111074084985	0.07353192010011822	-0.0829343301823101	-0.035231851047657026	-0.154515618549023	-0.01563374171336813	0.026553634159858057	-0.013616411797663505	0.07076680618033564	0.015514466895906047	0.09864262024122096	-0.08813487963956773	-0.04545729837019927	0.04195090690548004	0.06463051964448678	-0.04387268483817751	-0.002245738259701647	-0.04856624693706057	0.03508449744799519	-0.026282654772691243	0.06283132448943093	0.038297226761212416	0.009085563694191499	0.1021313321463836	0.0032080531986588283	0.04080199085543564	0.02101944277241797	0.032091265307983424	-0.02314575230598524	0.056087732730374214	0.022415365027570286	-0.09729125999537985	-0.05283264255747196	0.061807593493445626	0.024067672151065245	0.0330629103458581	0.027085103379642924	-0.00912529570039446	0.0023033049161599894	0.04654274476075824	0.01246858128362891	0.0236104020028839	-0.0009137959300353041	0.009461361185943425	-0.028624567569873773	-0.005845166915509798	-0.0
8	0.019836701932005332	0.40836177619806296	0.1926763035479749	0.05719473103048871	-0.19663866768879193	-0.06994599869711164	-0.052031588288056735	-0.038802630143264995	0.05070564090831839	0.03973283422988072	-0.05802771359441234	-0.015250447864528553	-0.032461199094313095	-0.08848363650382386	-0.01214265539690753	0.014169542634424385	0.011456296441468854	0.03500093148935242	0.015149045441343108	-0.07745450421638012	0.0569165038318188	0.0029481555569798716	0.015984645142703355	0.027033695180280155	-0.06675222127521652	0.01858351430818222	0.0007196330515112669	0.08316994434027881	0.003525597962757295	-0.0775838887467218	-0.07867167106887987	0.023898162676549557	0.044786221543486236	-0.04453724367634572	0.06156412453604778	-0.09702293261615821	0.03590262383063147	-0.06692791592419715	0.03467944711994774	0.01727410521823658	-0.07870320873616958	-0.10121098423225963	-0.004705635917331479	0.0697018363746845	0.020062607377530947	-0.03143285286554145	0.01301422140682013	-0.023446186796703038	-0.041672247779119626	-0.03284053059479089	0.029753468895782512	-0.05299746050156086	0.03161446848239795	0.00043845518988070445	0.011182819595960472	0.0053311732028392305	-0.030540509791989027	0.00790031550304393	-0.0
51	-0.1102682720531129	-0.19348151521470658	-0.1419569975854249	0.07874376409500804	-0.08554839446962725	-0.06381140341752312	-0.0730282779105525	0.005757108032402329	-0.027392872665196487	0.007099998477848537	0.04391997434896416	0.02834554378459396	-0.0005195402694444201	-0.01958969000200278	-0.011951654825934658	-0.02016371816876258	0.02271245583354192	0.007121558636763159	-0.06192183931773822	0.012950209093683301	0.046521538886548114	0.03804443398950498	-0.05762137699321943	0.03153030185926379	0.01052592805537401	0.016449194441889907	-0.010303392977338894	0.041655446586850955	-0.043541047964186404	0.1062232073817345	-0.059191144824858266	-0.006316057792339931	0.08856180743228385	0.0367048194321778	0.015304518684325261	0.08365524266021393	0.0048693035849513575	-0.008443788594739788	0.004911838827010092	0.025850176737926882	-0.053109893917737974	-0.07015900737476721	0.017725352110761847	0.014494932359575708	0.02019744299320855	-0.016228058309896223	0.07504350316345056	0.03887006904540638	0.07293112858665936	0.03097949590181954	-0.08670735903769235	0.028515242904877423	0.06245038047408608	-0.11443539554250921	0.01760421611376925	-0.005709868030483846	-0.01038967554112081	0.0016662029417479664	-0.0
47	0.37690726898148064	0.2235924595921291	0.0034143661210043557	-0.03149269735446483	0.11474104128889444	0.09388900451491125	-0.09573090216149654	-0.060557911355110544	0.00995887988212096	-0.08169986646413661	-0.058779783533090976	-0.035180204022786515	0.13904250935501877	0.0657324900591909	0.007184414508151531	-0.08073299523995874	-0.016938209034429223	-0.05520062431284774	0.13854297890920458	0.04004689266060697	-0.0372091708125106	-0.08251585930188879	-0.005155833961275495	0.017190988415855965	-0.03810206959752596	0.039734121871768044	0.01473147486928506	-0.1293620720380613	-0.12665658331042423	0.03198055361081909	-0.056215562889680715	0.12631286188082275	-0.09572678045018597	-0.025239049346264256	0.001517613491835279	-0.015687160877340976	-0.015979279669996495	-0.018289095225514446	-0.07746448979847559	-0.013586406286731302	-0.04352213519696231	-0.04402443357549783	0.006767320458816076	-0.048282706314216	-0.030041050935426868	0.00029537534736177304	0.024455652033656596	0.03182948216159448	-0.02385187452967504	-0.0026594436725723733	-0.006254819408888184	0.010348806959592364	0.014580512489462292	-0.04178414968572415	0.0006640147349107578	-0.007818751673648008	-0.010483029310416331	0.0015973993574301478	-0.0
54	-0.05518546199922304	-0.051498719346425796	-0.057731604143639315	0.014794182079304656	0.04656081429671221	-0.10873531187876649	-0.058115001312718385	-0.03030188894696059	0.056639409139086896	0.08303875487364451	0.020655589486262657	0.08186871068674696	-0.02199027651059094	-0.08576242204768977	-0.023354398194584697	0.012269744434355455	-0.044854182578774576	-0.014787153275491894	0.07679097767374815	0.07914358642701802	0.10476225640747501	-0.11963963754910399	0.1458314658949004	0.12561818086850465	-0.11300423759646767	-0.1388553816650509	-0.007471010284481694	0.025746731425186044	0.04423365244203597	-0.03350903530362404	-0.04607102447124601	0.12388612490746582	0.04035593930595126	0.006957116801621391	-0.0485082252360063	0.024224148764746482	-0.059336049382426696	0.056553153961543416	0.011165645933147415	0.0044823086351375874	0.08839221267357988	0.013831947722882963	-0.049882164765333324	0.008875653930951882	0.055089449734257896	0.030119093057643802	0.0034400725099490567	0.0161697392491239	-0.021217572467771048	0.050235654109818936	-0.0001517624244599617	-0.003938162603211066	-0.012672769209378007	-0.012789246064225103	0.012247097380405116	0.0010061444224155158	0.011465237350125381	-0.002537835000248085	-0.0
19	0.06648763910920226	0.32191723375112835	-0.030418575646705706	-0.06787512145942208	0.0018354945777979829	0.01510793770216087	0.2656703812684563	-0.01210910489719008	-0.11474284376458195	0.1785474100183185	0.0015249708660529059	0.1589593107512244	0.03878990231480141	-0.08927487543736085	-0.10971600296563838	-0.2247631050036389	-0.016794072354155302	-0.10271690514756573	0.005145764597095812	0.03492915257123939	-0.06090676514605064	0.057726925034914105	0.03136126151113599	-0.04408716472258559	0.05799023529630097	-0.04288915107210458	0.024214518202840044	0.10147679772000527	-0.05481094363500375	0.010259062027356115	0.05391506962817432	0.005762580146144703	0.012102314235924899	0.03633413507761634	-0.03199876397292843	0.0011624529871977747	-0.03241480808337815	-0.0010326487889847117	-0.0031117138653900776	-0.019395769243093185	-0.011916723260484815	-0.028316279999987818	0.05826938921116504	-0.01784077192682736	0.01208795266505887	0.002420570979899858	-0.008784304768368651	-0.005522114291093852	-0.00991247977705816	-0.0014598478091166936	-0.018237152034493016	0.007603003037663328	-0.0074811123545384635	0.0015288495553327202	-0.010021002273614544	0.0005670627608122178	0.013158001361625007	0.004925145501744722	-0.0
62	0.2991145687890674	0.09107284358339611	-0.11731345777045127	-0.06618395480708217	0.022708221610810975	0.01269028085397267	-0.18510491521645514	-0.032491475393954465	-0.11743557041062924	-0.06299178907367337	0.03689395232377295	-0.07238332595767186	0.06309082962836621	-0.0076497561184994825	0.05269076950395187	-0.077495794333238	-0.04663166227936172	0.15750953686931415	-0.03771793111376712	0.03392594587315327	-0.19789867278843704	0.0136376904179654	0.14574603570759267	0.07737223941841939	0.023737376863289594	0.1322761607643403	-0.012389121222825965	0.0742146864957755	0.09534973216725542	-0.041768239270013885	0.03109763837554416	-0.020697094112771427	0.07835715479956981	0.03156153709637666	-0.028819844963688997	-0.00186638855389174	-0.027468235781326313	-0.01598394275279745	-0.023150869166110588	-0.009050125400117074	-0.018968773280596905	0.04719732260447667	0.0004902622989855814	0.01562740655845649	0.02768843114069328	0.01763013075283009	-0.017954765907483197	-0.01866692377768866	-0.031788532870276734	0.004890953088029413	-0.01575033751628356	0.002084018189691284	0.011877994939270992	-0.019846406981477424	0.013593449564344542	0.009515829264577004	0.011972512798284448	-0.0036743114319353395	-0.0
41	-0.05769549159952611	-0.12137836724653678	-0.07417560194201815	0.031941867601883514	-0.12211069449342789	-0.06548918858379152	0.006561418367289676	0.018323764938695773	-0.11779689827205946	-0.030674581869954896	0.0006666188890035688	0.012593471984187813	0.045691267949858505	0.04104625436648651	0.008277313402097098	0.002568389389669144	-0.044265365910331735	0.03952571318242578	0.005932051604174949	-0.016454350541770253	-0.042174061134389	0.006533439811012678	0.015362428653545514	0.10783963186154129	0.06620047552687466	-0.07243196510718607	0.02624317761109825	-0.05624095861493165	-0.007296910552002843	0.026108999736847407	-0.0335925785810637	0.10406020761446864	0.0559002600204521	-0.030784649572133907	0.011804684170745317	0.07256751846899512	0.15925691269431197	-0.06513060128469352	0.03027412504862497	-0.0033850845092356103	0.08178524532015338	-0.0008882590700046589	0.12794250903513293	0.007000756860564183	-0.01074283926063781	-0.08737523469086603	0.002402299166688633	0.018194187470380332	-0.028217429724087098	-0.05776572879025853	0.028569246968716346	0.02408051334518261	-0.026951270295725676	0.03850429636159825	-0.023807346860800625	0.002342562184885667	0.0013838124203265606	0.002276515244750734	-0.0
26	-0.27937600187326894	0.028147422137700318	-0.04108495678137107	0.13925846865611846	0.09358693918888052	0.15559009374255928	-0.04770776612952146	-0.09906607067098397	-0.000669614980539869	-0.02461150237204185	-0.009337383151915016	-0.035132048347394355	-0.01687774214871101	0.001336828821375388	-0.00348646018562976	0.0006204109690731954	-0.028362924231733897	0.09578169261020557	-0.05353950081262123	0.038914821615964705	0.005243303974267997	0.07124433510250058	0.05592918886118126	-0.06902442732744525	0.0476571447098875	-0.05824064783694679	0.043385720880969265	-0.03719264365592266	-0.04169161388672056	0.07496168100140788	0.047713788996528644	0.047433441355564446	0.06767773119427185	-0.005858904731231622	0.05451790950513743	-0.042871359963660455	-0.05456246939610512	0.06805940906439627	-0.0706325336113664	-0.030672645785521833	0.051359785268352165	-0.06661745037376428	0.024199156676195176	0.11709103649994672	-0.052772217863830004	0.03342852273589368	0.003750352459014167	-0.07169344851270625	0.011009035671726841	0.04971451961689419	0.04488309477209773	0.02541464148492934	-0.01187511489599863	0.009058160092225296	-0.03932226831335783	-0.0061631452390289365	-0.0411033884998366	0.013638262452851766	-0.0
21	-0.2860573476605092	-0.04134844145150097	0.09706459929383089	0.053845057250308824	0.10363263224628455	-9.62981970477094e-05	-0.0636217220032467	-0.024142403638179794	0.06230136566449537	0.05707937043671289	-0.03377539518947133	0.03321736196913101	0.019146223113452834	0.0060626469018767015	-0.04258537399356333	0.012524316048133284	-0.03061944763296886	0.03174244699576698	-0.010126993415292818	-0.0010382628777088102	-0.03305612617310742	0.05080404200705304	0.008393778899916566	0.027099495684254044	-0.01999044613560903	7.077225503307848e-05	-0.03993110903718766	0.04146335055845059	-0.004132159069476436	-0.020311279232746064	-0.04820424998722289	-0.01499859581671648	-0.009394100546823953	-0.020992104754509085	-0.03183493608952933	-0.02162338073061544	0.039938537834417524	-0.06343687958541885	-0.006535345493072388	0.06467004316010952	-0.05473631186085165	0.003493630939455447	-0.006500999141041659	-0.015017221909248807	-0.05762621458484824	0.03521396366188169	-0.005346012476547989	-0.005333550875034591	-0.0008287628807209944	0.016563073209652706	0.012432847396062718	0.07197219540058072	-0.026513802436998458	0.015131727508547832	0.010132095983308902	-0.13341343351232943	0.04895176118717997	0.023994339912568267	-0.0
29	0.030284760938665146	-0.10014957478572646	0.26709502867577306	0.003779835478463429	0.12240919639742014	-0.025051606595319454	-0.02048566587045601	0.041741017435584137	0.011770642022072854	0.11207578549203526	-0.06968375599083944	0.006900398191173917	0.01789255646984745	-0.020740049554662753	0.09814807191548164	0.037455457600448244	0.015915860535439183	0.027013037805538313	0.01481658951273024	-0.054355533359999916	0.08476284963144909	0.018107820181688515	-0.08580397450215951	0.06719399368306561	0.046407166825095464	-0.019509480985288995	-0.0018564109972519702	0.000606455527115969	0.02422595814617936	-0.06262385912535796	0.04741394002700957	0.018429621629594873	-0.00032606467926844535	0.0885052765543128	0.04176436405955337	0.008845673493013531	0.04075346867113162	0.10984903414990287	-0.05204966500969628	-0.028755018830275883	-0.084192522928723	0.06504467954498619	0.1175000157902328	-0.01661329719229316	-0.00942278804860198	-0.002961862216211966	-0.03373939767959505	-0.04515113152737822	-0.07818145817654297	0.02971896170529942	-0.026238869575502134	-0.009517797025780563	-0.04127543344447813	-0.06526721323177893	0.018545937463704584	0.00624472869006701	-0.009275764649645047	0.001418008083634025	-0.0
25	-0.33536796215912923	-0.00955971588912696	0.09301102729343129	0.013661817631372114	0.030321861720605126	0.11858695043118084	-0.08933275790649997	0.0075304099488839125	0.05106797018025052	0.006684870913307439	-0.016024222659009033	-0.0319177550580013	0.01017439940238216	0.040752197825822845	-0.017326417401813794	-0.0038279106106306475	0.01156446536726145	-0.005543762437593179	-0.012655275217219816	0.024949766313130763	0.0073723650560067605	0.021265212542680947	-0.011262683758230597	-0.013405834089139607	-0.031392046916305656	0.02879828097989094	-0.015795112769877707	0.061670685747427394	0.015994592540009733	-0.04677473256492995	-0.024435431970780817	-0.010076102899667885	0.007586882222638659	-0.04487412184900447	0.00011915193443161407	0.019904337030198324	-0.005177406923147918	0.0011693352047530473	-0.017720473975123864	0.026227034462260067	-0.006830910239522782	-0.034670147930187044	-0.008873574489193245	-0.0944700694145419	0.03827864907873949	-0.04612428508910242	0.006078065113339329	-0.002978806463520296	-0.020695063504768938	0.02534850755323879	-0.013510158310105217	-0.014281799100126223	-0.006650372608754971	-0.017893307416933204	-0.1644303344184675	0.04581784084081736	0.04352311101106386	0.003556870564126269	-0.0
24	-0.188542231357568	0.15745623123873262	0.22526759286118048	-0.06966064096474894	0.1657087591070436	0.07865547849580594	0.05479780673882076	0.015924854358467903	0.05234738917735533	-0.03601312002593821	-0.027047009599290756	-0.07023386186124592	0.05541110880511252	-0.025907490321780156	0.011662660293848593	-0.03467556113631697	-0.03127168451420814	0.07318159337793712	-0.05697292576649126	-0.10699651447610549	-0.02793621815431334	-0.024705046150351427	-0.04998316585420153	0.03441736046013986	-0.12037791379896152	-0.03205919163524119	0.1696259305842252	0.020070208834228966	0.055850754203108754	0.05224800486976611	0.01569944632811196	-0.034035844819211264	-0.08884809001749853	-0.02408375278852517	-0.11972511928118068	0.0797293452829659	-0.0462405183611191	-0.07091085676163214	0.06769988060931122	-0.014022081177689607	0.038933752173350024	0.017111460095080355	0.03278694266547902	0.03641874864202066	0.024930463797386004	-0.04012359798485662	-0.0016804350383762732	-0.013544962802195314	0.04728422471869169	0.002271022546509205	0.013049138282622427	0.004750536467452667	-0.01146673392183079	-0.04107547489722492	0.010777139455005195	0.0009367036620965631	-0.021474173252255042	-0.009091096542581287	-0.0
27	-0.19120428857661295	-0.1044042055530068	0.13430601777027312	-0.0785413829803612	-0.029685276405021038	-0.037824774051309844	0.06814672993384399	0.09701516774339461	-0.15905637674516554	-0.057219096567586114	0.012025175092289677	-0.026933053145212122	0.05377502744612339	-0.02061830193643194	-0.008267615275214385	-0.0884677789016909	-0.035680386459642714	-0.014091964429908378	0.014637278839618273	0.021873503035648396	0.04893677284175547	-0.002939315872101679	-0.003270253298186073	0.012815985801140805	0.07821771838328022	-0.000832028490500329	-0.03519471407177562	-0.0538770881849013	-0.01833599852650364	-0.08088437209670751	-0.03940861176908328	-0.009591564652660992	-0.01519827918476102	0.008509970306614828	-0.019109093290431214	-0.025202368429841592	0.03289675011425939	-0.015357436966034721	-0.024795511148427082	0.0363382173075548	-0.008983424222541888	0.019376007099700242	-0.07557860042316453	0.05976326956256957	-0.004278371234988395	0.014434272277424226	0.04355325146658272	-0.04755034816942235	0.026533658749384834	0.02244423065899243	0.03487246800308729	-0.0175192375513098	-0.0069773130737620995	-0.025661720110656164	-0.021771415523104624	-0.019366445412596023	-0.002037055118972221	-0.10578344352427028	-0.0
49	0.26074838732104993	-0.15112912450877197	-0.027836276357320083	0.009572726614145377	0.03753419438626394	-0.014423967627239296	0.09536684782096277	0.14220994165309483	0.0768807263911365	-0.018063699450348972	0.07329719555368393	0.033960333359934834	-0.034685820516166706	0.04604758620043708	-0.026279243511064147	-0.14246791901001563	0.11286412900988405	0.22966342878227683	-0.0533846477905552	0.1272563856273778	0.07322454086347745	-0.08686803072180013	0.0062629380093507745	-0.10067257325472555	-0.046569963986841253	-0.013615580319327678	0.0401884206546705	0.004100230320893061	-0.027008778816135365	0.012258160696796168	-0.12195464521065322	-0.0018572512524667952	-0.013010359233863525	-0.016563968686612987	0.0834613895641813	-0.0034970693282291966	0.016553123728125174	-0.018986424326519608	0.04773974836029487	-0.011984856829985046	-0.043179367737074606	0.027858427437489158	0.03546266016159707	-0.013646523585454973	0.014905985993917134	0.056506496030629925	-0.06158917573276243	-0.01226817498864329	0.00934244368574874	-0.021166650263998422	0.021944886274027534	0.009679728392635915	-0.016113914197448544	0.0012541402540085364	-0.005980722769697869	0.008620181585275612	0.006244088040818043	-0.00041739624004354624	-0.0
52	-0.183917782762555	0.024111183227562814	-0.2059095709451163	0.01866201415929951	0.008382038259935934	0.026879739446139167	0.05313447046918778	0.050474549591543974	0.0636753499600233	-0.027963734497303827	-0.08801394778116754	0.020319393980462626	-0.02714699803137703	0.05509985337747564	-0.02314738191332609	0.013344015417779333	0.08021216468665752	-0.12784645567239245	0.007526847273191537	-0.06648281267060432	-0.07704592271408103	-0.1399676446399716	0.008596433927122242	0.00029426414461732503	0.02413048441610412	-0.013805812644869636	0.07454051037790749	-0.11625870396285046	0.014033746423874624	-0.12000202584678583	0.0540053519424238	-0.05419501447847839	0.12582708906039655	-0.09309556282718377	0.10569673882878121	0.014886964586593474	-0.0678356882708029	-0.0782166101246406	-0.009552279988475994	0.02286555951727478	-0.023042732481799593	0.014522479973213976	0.035351917178291795	0.018529733050459296	0.05535869936336217	0.011295371153539306	-0.02085746409648138	-0.025765853828172838	0.005343506891283755	0.028576809264560524	-0.022427595384389605	0.02807494037239842	-0.02362697425396091	-0.023575881689111625	0.01944785404582903	-0.0036902924731475766	0.008301449541078339	-0.0023242727519089583	-0.0
42	-0.07964089575122948	-0.06732148745430794	0.052690242533311074	0.0607865157974213	0.06959458394427083	-0.14162685909902034	0.10734607192355548	0.008815031450308694	-0.010215067575831304	-0.0762261392310146	0.050665266120527526	0.004475885122543447	-0.013057683570640253	-0.021359229559630332	-0.09302672067100135	0.00431591518280147	-0.02744525813793088	0.044757193567782474	0.009980077463280043	-0.06870720418191181	-0.08435401980508216	0.024799891210019975	-0.05345569054612399	0.008791583952758938	0.003671456712070059	-0.0016522302616548132	0.034992531721937524	-0.08618157196814938	0.11675420633669728	-0.02070847111570133	0.023110424796674092	0.08192197428498398	0.020851302582298947	0.026804366683474443	0.012889178406303502	-0.14176895963264524	0.0008229827192382309	0.04315702406552972	0.030233598412015374	-0.011646551420745648	0.04522366180245879	-0.06626972274024043	-0.030389366780866765	-0.03623868116379312	-0.05343173963355543	0.019970324563180732	-0.10207236933639675	0.05295122114139015	0.03794019837672603	-0.04020382586853261	-0.08490411064038322	-0.04089370705537043	0.01672618992916897	-0.03500086191618163	-0.024896053786054497	-0.01716084975382947	0.00015668499687135576	-0.002398284114016597	-0.0
22	-0.20636872007271892	-0.12325613803363059	-0.00218737596264924	0.04093476453439094	0.09817179803789298	-0.059148361077637	-0.03433869832244117	0.04454125113683703	0.059989660357238045	0.03603621791267074	0.016781022828763068	0.0890601241438859	0.003786457448011888	0.023711710843781996	-0.07758975773353995	0.02210569375396744	0.06221944161948672	0.003935464716572087	0.03156800611725492	0.00895311592388227	-0.09270033161195604	0.04305120126783294	-0.0002852163493021382	-0.009500991318415886	-0.07241817689678413	0.02471147137048283	-0.09475755248440787	-0.0032448847265403756	0.01615936289662229	0.016003207279018147	-0.048550326916035315	-0.06241398043105053	-0.009629433530931849	-0.008963607279185363	-0.09870200937677327	-0.004891134998881127	0.038570798160688584	-0.03846898029313654	-0.0890942344634818	0.07710043724185402	-0.0012255969025317707	-0.08184054390348781	0.03450504591286632	-0.022814357402696907	-0.004128815313833922	0.027386846163343765	-0.028628427897927623	0.008292201501647894	-0.030283116982782656	0.030713398966572936	-0.030664824704011842	0.02825372899913187	-0.054195713749589196	0.05250663022101743	0.041416512970263025	0.06237793529958639	-0.05852766808008481	-0.025463672237141945	-0.0
23	0.1825813698047115	0.01332944122745939	0.12309329916380048	-0.10475615471832378	0.023978326530527876	-0.04017580445309335	0.09357822998567705	0.13144704604815075	-0.0873322925557365	0.1001289869014743	-0.2086225763054218	0.014010509076594882	0.16789342759283768	0.2583064004911917	-0.0630087433530091	0.1749627684919152	-0.03291637490458515	0.05548978483956585	-0.05102817387286605	0.07603157755387446	0.02407613099497841	0.00017436615821678493	0.00410193841410372	-0.027083074749677586	-0.022847028148002383	-0.01566974542322849	-0.00257011690803533	0.05899783230804354	0.016073655427397065	0.026042285173378445	0.044002850973164954	-0.004717341709309756	0.057198752173747994	-0.011826950958177106	0.023125385572233616	0.027457902454280453	-0.028441603342898823	-0.007196229490007007	0.008510944271693027	-0.057922813215960864	0.017999234470324248	-0.052019375385664736	-0.06942943648506117	0.00937382311504905	-0.009564020219269663	0.006574006676276744	0.02493214314629113	0.02518099448643272	-0.02512340385415469	-0.009536133547859852	-0.020275783863711556	-0.010597805802194002	0.004485110987991013	0.011583268722681898	0.013052637672975919	-0.004491060782734472	0.0014099441400011428	-0.005130339795847756	-0.0
32	-0.25810127866820504	0.0034263477721374097	-0.06454943355973766	0.042159501825988537	0.06822413183640043	-0.0029028699730610946	0.01582821311742988	0.11543487465132721	0.06486116535060554	-0.0682619533632759	-0.03938569979032853	-0.0026072527086958624	-0.050696622508840876	-0.007432533272556069	-0.11250026160944714	-0.008833327977026273	0.01359340620095472	-0.05200084842333663	-0.024965468233161064	0.01883053101465328	-0.08962714840595055	-0.003365562024372421	0.04088018839487747	-0.05240975904459834	-0.09106105302600243	0.008124885136475659	-0.09927947091573745	-0.0072425564277633385	-0.025269886149569154	0.08824001273624224	0.0020525502515112274	0.06032152106717084	0.06485344544525776	-0.04796330629971478	-0.040418462285670594	-0.04201679994191355	0.026807654305213223	0.0752444165109448	0.04917383362121197	-0.08538894937481478	-0.07827133797625968	0.11726258809976009	-0.015338644979763647	-0.02638372039578281	-0.02148627396422596	-0.1255490624719883	0.021135511972635537	-0.05793382184275071	-0.007058300995686094	0.003792256737567984	0.012688742984966105	-0.03131465397297673	0.032591198603490114	0.0037061955346718452	0.02341805298407492	-0.00556022737126801	-0.008865569166962073	-0.00746339080772291	-0.0
28	-0.21723288785053477	-0.04863215592698675	0.1639576282250636	-0.03343400368667889	0.01589856330249532	-0.0344665939207788	0.09245359888684385	0.1294330138264998	-0.1547591704953111	-0.07751870899010284	0.024730329805103785	-0.04885304575847646	0.014450971956746007	-0.006519699320799084	0.010751101368105852	-0.03427005900973564	-0.012739143703875471	-9.98891547596211e-05	0.010106170232260259	-0.005223371562140542	0.01250627790052486	0.002331457428067068	-5.228852567952171e-05	0.03496253928410004	0.04660125994522212	0.009655343727355385	-0.018410380413653074	-0.04814832283143671	-0.05658162246923964	-0.03280416960008873	-0.05520116863282421	-0.021370893565898046	0.0266436173987691	-0.02953787585676578	-0.05683806653799728	-0.013083979430737447	0.01330491979181035	-0.010299546082303327	-0.029416695238658575	0.03817573868434908	0.02949838081698077	0.010205327721749854	-0.06033918619055827	-0.009450126731451099	-0.027642452511964132	0.03847630007199459	0.03553570847486119	-0.04919530824651119	0.029955233215455415	0.013820346685593827	0.022202659190676186	-0.05692152556522297	-0.023679366724619306	-0.024678942766763416	0.042779488497333505	0.04869626694147709	0.022376093464191168	0.09559482251591848	-0.0
45	0.3061045044488969	-0.24643848242007213	0.07931392572268267	0.07224300410581562	-0.05017930727997216	0.14848208801131943	0.028597748370206365	-0.034367170658443434	-0.01998310403032076	-0.04528440211991282	0.0004478737958439974	0.08859354382055291	-0.08683338004615572	-0.09070455373630675	0.05968585414136125	-0.018663232730755434	-0.025598360820534304	0.003414269096163476	-0.1043028404559675	-0.08986419927550575	-0.030437479220099668	-0.075665381661987	-0.0005870432801705414	-0.01406643557949702	-0.04894289884312817	-0.05020036131556554	-0.0867574719506239	0.012191930255467907	-0.029226555911826352	-0.10774183399569398	0.03810700025919818	-0.022149505668907724	0.010159006972777898	-0.0789772730858864	-0.06769441471800189	0.08292661038628044	0.04767540161742726	0.010759012218643709	-0.0643238145640361	-0.1623448811206851	-0.030539255864808906	-0.06236483969750051	-0.05056742367921567	0.011008285867759088	-0.035248818541802965	0.023012828049823682	-0.012988230851062783	0.042737839889676194	0.016436079122442094	-0.028306653357143205	0.006741089249682308	0.01159313228822226	-0.0071122334578700595	-0.006823838297256612	-0.010526722064288039	-0.007093069438514915	-0.0031793103785817903	0.0026081524975132366	-0.0
10	-0.030305973914094907	-0.14458945785959493	-0.04601833357852907	0.0842775945658724	0.03879897365157784	-0.015762933913204005	-0.1181123803713573	-0.08047704476209491	-0.090542545214952	0.14488244649698448	-0.04453108056994504	0.019193444398879034	-0.06014818294632774	-0.08232795053894645	-0.01466589297254196	-0.024767318131234176	-0.027235058982839396	-0.00823275257933972	-0.028172640085445302	0.0496860494581929	0.03286444894395704	0.026230678848925267	-0.11593298972116048	0.08161011610404693	-0.03698819338152804	0.021281055977902332	0.11314836462691796	-0.04587182301320962	-0.09019606942790927	0.07136537704304989	0.002895691633106525	-0.04054771887013616	0.05603138892172589	-0.012747893678004543	0.0009656925606881526	-0.006492890536882012	-0.036931962459915396	-0.10475820877374087	-0.017349628757079502	-0.018131828020285293	-0.03170418302639629	0.10294597120809386	-0.06424038609893218	0.02775581249636507	-0.06252420091110517	0.019188841379357828	-0.0511941439034668	0.05262104071162039	-0.050981582032863314	0.0015302969295618797	-0.022526374392377826	-0.06881974304630473	0.011213618588846222	0.048158710709569084	-0.018759060375439333	0.01595942042292653	-0.00011022850072513866	-0.0077649880606079046	-0.0
56	0.15064582672675378	0.26917076230185416	-0.10699231788677586	-0.15527000311403358	0.16949746222540787	-0.08256581873297804	0.006608310808159835	-0.06901314374950633	0.09250477213804065	-0.06261348593772621	0.07068465186025467	0.11377634291402704	0.027086426180832256	0.08832686364989012	0.12434170338852582	-0.024553121261258855	-0.11040612904119006	-0.10507013702036465	-0.17268934234570582	-0.021534210848841443	0.07241161760028617	0.08886513093740439	-0.020373284044064792	-0.03453688067494561	-0.015926156224992445	0.04757224520548128	-0.015163654104382892	-0.04187569418672527	0.01720400882158871	-0.01916204912745421	-0.1442449364721164	-0.045973174745698044	0.06210345257343203	-0.009908901377121138	0.011995651876310168	0.022993150292802456	-0.008155333672983914	0.06453809769283941	-0.043693880660128595	0.02097561304499382	0.038525872858754515	0.011838166065024927	0.00722770541499488	0.03899298626058165	0.006957319472561373	-0.05086348253016092	-0.028826175279543075	0.03324144561909019	0.006770485295657359	-0.016455532603318345	0.009969665369255734	-0.043380352421487134	-0.029782864063250244	0.00986475351746881	0.007009301185154388	-0.009916524491954399	0.011449191564723068	-0.0033471226638249244	-0.0
13	-0.2838098528324486	0.0018699339620185565	-0.011741751002909622	-0.04830916343749139	-0.03890176481244763	0.050065648846254036	0.05935928447611653	-0.007644354905611345	0.07964118307646416	-0.09188333452592524	-0.07100750914237224	-0.030008256095665962	0.028453237956353607	-0.046414702673775884	-0.01577919329363591	-0.023106897600882755	-0.027663889281069477	-0.03139578943490205	0.0529254112823199	0.029695413595088278	-0.011157301392938595	-0.07736896233444336	0.060986321681097945	-0.09603541761569301	0.02423031920472214	0.0335258520917962	-0.03931811746458714	0.007393504315888555	0.05494817886142121	0.026774136484323797	0.011357198073407106	0.00467639183584121	-0.07682238951395953	0.07258957524592999	0.026882082625128638	0.04858470439869559	0.059188720660382374	0.01025377470426787	0.02735889618254136	0.022412091778408777	-0.05094724091611185	0.043269548068029844	-0.022371969988236613	0.17330968428274254	-0.018304990508995925	0.012866721069543854	0.02327996938022462	0.10154411732868422	-0.041662122165530516	-0.016481145663821313	-0.06920978372197491	-0.006540866130423873	-0.05074665537459178	0.006448668956422773	-0.018996369953093145	0.017337979474755575	0.011745658720375392	0.020763171320862223	-0.0
44	0.20601660780301081	-0.2239209222360895	-0.1042831946538715	0.19646521480798693	-0.1397133498141735	0.016964919240984932	0.0743104585855439	0.047122660594803426	0.0542193138276237	0.0005435406639737848	0.036618936629319684	-0.05735023948029635	0.04399452258720647	0.02215806605065369	-0.002416107325205141	-0.0844581885827231	-0.07820802583038255	0.01628306884271927	0.04643514798566149	-0.02016355685998837	-0.0060893853611168345	-0.08306791048455636	-0.002722752144220486	-0.028310265075188204	-0.05584511259295164	0.008782813135034753	0.09078256287295276	0.0658329444503296	0.009404563630262363	-0.0034319667055612664	0.03260240829384613	-0.13782072889793875	-0.03256340329935988	-0.025360885718139804	0.024754287053279093	-0.060150049625582194	0.03197897148124885	0.06591986799877045	-0.060791270852337015	0.05073040550933785	0.0823497239765592	-0.021890023415701922	0.02138304821042552	-0.016074416667904844	-0.055092685400884994	-0.08547584863875217	0.041514577579833276	0.03552795622822691	-0.056606596105193197	0.0794629842735726	0.016025519302459486	-0.04610216513000938	0.0194706185416348	-0.004092064345353737	0.02186627788275783	-0.025223093988388	0.007522407499915217	-0.000186968295300223	-0.0
60	-0.02487139595581538	0.002335270852776036	-0.3159023041660612	0.04263632235707351	-0.05466391791827234	-0.06936260671369049	0.10733202862375457	0.04352190467679465	0.028032808749835714	-0.04955592927688769	0.020771631844043004	-0.07428113642147258	-0.0196006115043701	0.024742796803068748	-0.011175525298914257	0.023579769450655493	-0.03564509225095289	0.03489961364917102	-0.03345148346379723	-0.10686793587488261	0.0027356937098432566	0.09852574977669205	0.04186357839790691	0.053096225000352604	0.042362774574858646	-0.0975565895603703	-0.015581201670303113	0.06829427141527974	0.015588126097124184	0.0016679976846399867	0.010865451440013042	0.0752022199636329	-0.12649768962628016	-0.03004327177965411	0.07064740695323256	0.1264198649936059	-0.08352447653832511	-0.017580980894398895	-0.0612067035650355	0.0696244561504875	-0.0800434360923425	0.0029226906614642206	-0.06932127289457597	-0.034182991128567757	-0.055058072035859947	-0.015735747509215248	-0.05470285719020608	-0.03225437693208007	-0.02826606067521816	-0.01456472134842465	0.010847951620739846	-0.024285293568574083	0.0028576343149833566	-0.0019233700620918085	0.008059582959949668	0.008527532569090588	-0.007951596021579112	-0.0030742178703237547	-0.0
20	0.0775942580967533	0.10686357230362353	0.04998402960119538	0.2663557389633342	-0.06559459337382476	-0.13355701247306	0.013031428450775808	0.02330124635855745	-0.1100486991641161	-0.02081820090866398	0.07800625421329101	-0.07574001171221183	0.018253597303959198	0.036283073001012855	0.10955465707779166	0.047581430918290334	0.12391685864793824	-0.19173510437106422	-0.006453105505329782	0.08420723771965664	-0.06016981155721194	0.07284005239482835	-0.01562226653361132	0.017710628422867226	-0.10695325098251646	0.04592689230774084	0.0779819485756733	0.09138190397288469	0.015000545909330231	0.037504069815944896	0.0015479669688392343	0.03455408174042229	-0.06002839640336216	-0.07159021617675039	0.044838712595262564	-0.00565786034415459	0.07864962453256853	0.0408385798503484	-0.0026193722789813207	-0.045636045367306456	0.010856177585395293	0.022164809529697925	-0.02857249497690387	0.04015991274875695	0.01699768588138529	0.05255773603974656	-0.0495913912255237	-0.01397806661340489	0.026896241679911323	0.02831941145050259	0.0057839628554177186	0.0479560971195302	-0.034882560838963315	-0.013374568278840312	-0.0038406655171275	0.005038600365324978	0.008837990390676051	-0.004257716558902827	-0.0
7	0.20654384014473565	-0.06643625280978414	0.06102561734533442	0.29279890705342365	0.06139744645537792	-0.06054408495448869	0.009700480072814115	0.0369165254895995	0.13720969568855712	0.06061992655890376	0.13161761962491947	-0.08889684403016612	0.05058861683585389	0.053450438567676874	0.13697690271912902	-0.10253419258701336	-0.08097011806708215	-0.009989303224846839	0.04731073257642569	0.10448292161331749	0.012519364683979252	0.05330039372307024	-0.10192607517251147	-0.051224106016415756	-0.0035841755834141666	-0.04564510678984034	-0.09105974544689532	-0.06090704946579784	0.031194018803945858	-0.038307883263614735	0.1388408305089618	0.042534543475087595	0.044407403150393	0.016839403165183783	-0.04541441552815132	0.022785046793203513	-0.03275659904500574	-0.0704510592302735	0.04319351589978709	0.031768198004009617	-0.025716082950096763	-0.02727640962098778	-0.026376109241688827	0.027472406557109506	0.06188634184633345	-0.02890432913496152	0.03273922291929187	-0.03243743266804893	0.001325230717789481	-0.033687702366346155	-0.014386875671809645	-0.014250822197166607	0.0007426814876506646	0.03207702347119564	0.0019291251187797793	-0.005603255205060948	-0.0014326563610878237	0.010091319997244238	-0.0
14	-0.3119675453649649	0.015126054889148907	0.11312752619850343	-0.05090979791301841	-0.029527863524295997	0.15288864747987377	0.01921518372439549	0.03099258846039926	-0.10564945070974603	-0.06747281948870286	0.034870068839719374	-0.07715806354035681	0.02561635299128208	-0.0291319436533853	0.051624136520518955	-0.05905643686626254	0.025325917627537615	-0.012551555102624677	-0.047873926271800336	0.05015576792175703	0.0604200939738588	-0.0009137210824807311	0.02115025976858432	0.06535583347650303	0.017867951144743276	-0.015255321870381764	-0.06442562777651656	0.025382849305992897	-0.019174570731282	-0.00691347110331572	-0.013879610591001524	-0.046784765743784346	-0.038647818726348294	-0.00167847470999983	0.09142411964858536	-0.03261425030229241	-0.04144157147297135	-0.0024650164568622954	-0.022368316628412044	-0.029664882683734406	0.05501479233643727	0.038594258045502434	-0.030719310456398974	-0.0712045367589749	0.10305810543054533	-0.03889674934352773	-0.02050662377408703	0.0459113225610476	-0.019562723991502023	-0.02661611468929233	-0.0667403484730229	0.021546006860156397	-0.0026528012320346478	0.03918681547426369	0.009600859883633813	-0.05051941788588555	-0.07169948531875843	0.018164779735351213	-0.0
4	0.13119787126664328	0.02360358848212586	-0.21761723905466357	-0.1630489249766949	-0.13122654865104147	0.013929819987284115	-0.024813529746174776	-0.02806432639833823	-0.0019313304030490052	-0.05111101870451669	-0.06859718214234413	0.04578647000705176	0.1619975801575596	-0.14427404790059986	-0.013171715493107304	0.057015110340781626	-0.07210679642253671	0.04084226021520418	0.04219265559223651	0.07005956835382439	0.08255980400001972	0.17854756366075944	0.00923957695300117	-0.03424357121219858	-0.11354380751833078	-0.08752634162077548	-0.03655360930823737	-0.08969761113540553	0.05171564478366708	-0.0366259076149112	0.05677176791968818	-0.08169275458684526	-0.033469432134755076	-0.02478087587633283	0.03547860189220235	-0.06830711677278016	0.033868158827070324	-0.04851681820380646	0.016307049071855127	-0.033941844911421416	-0.020656965901386704	0.04424916345111632	0.0208329214682153	-0.030002324868555325	-0.006952763156147083	-0.0024830505140857693	-0.0012532097510837127	0.005442754370845864	0.052011657445294006	0.03393457215472992	0.01193047061832512	0.03553737112281917	-0.017590879232782065	-0.028810377874088692	-0.001711374577877415	0.02384153817293789	0.0024993073134119566	0.009730925165495471	-0.0
3	0.15913978040376264	-0.09660784335242552	0.11856484662198079	-0.2945922555611448	-0.08197932043374585	-0.03827023739348843	-0.028058860551102724	0.04143720694356734	0.11019091674426419	0.06286982513525201	-0.04861045572711041	-0.0690959004348557	-0.03242811680155645	-0.017287489855918034	0.029135783367093545	-0.03699816677756524	0.059874803338943836	0.028803626558343107	0.052716079200837436	-0.06127789155730929	-0.05934502769339615	0.09143660578076522	0.009642685179747172	-0.009251590931007761	0.0013025483934871298	0.0110523607100376	0.04213191444898856	-0.01809020363691113	-0.030372742827679832	-0.03403512352343937	-0.0154700302330939	0.06979416121195267	-0.01601190282157844	-0.020529405781763474	0.026731455718718766	0.05372517674742794	0.028345235944053238	0.03358158400200279	-0.03669157200833162	-0.024297662743561974	0.01431121927311562	0.0029144389113044586	0.025586956582306353	0.020255686480317232	0.03207013357462843	0.01451903899774517	0.0202636738814183	-0.015864041483989212	0.09174079755707883	0.09222476332335527	-0.07211213741287945	-0.05033162804146355	0.04459659685823012	0.10514092333565185	0.0009105475697248749	-0.015153406730421658	0.012534413389860418	0.0012395913719567702	-0.0
5	0.16392401877390989	-0.10900802295454506	0.05488151879679021	-0.2495694109872983	-0.10167724964538549	-0.06922230049262681	-0.015714677339618423	0.01501356218084646	0.11634326235886167	0.1674798884010889	-0.005358909590124755	-0.12759651775933062	-0.0912592085113529	-0.057616192397484056	-0.006088414022985376	-0.008462291289776228	0.014203024632090123	0.012964174401575747	0.004764325815055353	-0.05824347428716369	-0.11882054924832977	0.08679732528969168	-0.034001006107278874	-0.07900794719151069	0.004309194707624022	0.025275546005600426	-0.02465863256339412	-0.022505213618112505	-0.09124830430432992	0.010232161701683644	-0.010461904559021398	0.021613263448110293	0.03376354138149661	-0.017326341448614783	0.02689879768710953	-0.00032524388442388424	-0.025194278488320645	0.023574438673830966	0.04035321784753764	0.025651689557970016	0.10002441643628683	0.024059975696331726	-0.07424266465057058	-0.00839993471059204	0.010271589487549587	-0.0020202038656681265	0.020088007310007195	0.0332744147768345	-0.0580277155880115	-0.03501145175002181	0.04083446972002739	0.05572843099339498	-0.06469694459821088	-0.07368575072150216	-0.0023820373498265454	-0.0004926286006894164	-0.01433440293468199	-0.0017401948793729144	-0.0
57	0.1585587009482565	0.20674703449261533	-0.05419686279986457	-0.060366060528486705	0.3024537908527503	-0.057800549516280456	-0.09423454208002052	0.10098419483028442	0.08036000477397506	-0.01776061427738153	0.07531433337909886	-0.031010955005032682	0.0005789988875457634	-0.1446660285658147	-0.0756860023620791	0.12433852242421373	-0.1111459689417945	-0.006351386440523195	0.03908894772659097	0.02419096442207128	0.004128253208783238	-0.10620764802197301	-0.018809021038730316	-0.0012743567974392543	0.09906595734591132	-0.01018873893509033	0.001079251959056228	0.10803672848314133	-0.08829176280734174	0.021766895525776958	0.08010854766751954	-0.05249372908341554	0.005822680424100737	-0.016371236568476055	0.08022128734503108	0.01857777022178522	0.12025394005968269	-0.01572375708876461	-0.01294568141933592	0.01462877282010473	0.03430977899441986	-0.006291530944131141	-0.02497344336448513	-0.019844410475756438	0.010360688241753254	0.011604223828395198	-0.0152139359771382	-0.016317265043026503	0.05810135461100575	-0.021884974479818613	-0.0018027908148849625	-0.009380565902979157	0.004535828536251182	0.00296410668418679	-0.003672808526778191	0.00734600492653548	-0.007078215712229963	-0.005677006157615865	-0.0
55	-0.009550851731077068	0.031401558225714436	-0.1881821498379454	-0.17135777750693032	-0.08372154696002335	-0.10879636585137525	0.06788454890098455	-0.0012261713167576263	0.13061619173155967	-0.11726150274665874	0.05262985878808593	-0.1519734659950084	0.04120662144749188	0.020329420946961895	0.030726835586924267	0.005522804783187797	0.023448222766710464	-0.06927111906334966	-0.08174158086085671	-0.06853357948890122	0.09512023023276862	-0.055321579196400614	-0.030848967298845162	-0.007838570918573552	0.03948451003472444	-0.03533442170871957	0.03241042787664913	0.06135338665732369	0.007906232063185721	0.046136875696155204	-0.0039772309570847205	0.02038003177491098	0.05452250415047124	0.05920895579384864	-0.11061024782485973	-0.08829613352653956	0.01913624574829534	-0.07136283783562873	-0.03634129585320488	-0.08148320631524732	-0.00047754087587463615	0.017884019633657107	0.02210595269560443	-0.04222400217996693	-0.02133500418527058	0.09577782619322138	0.05102193802297343	-0.0321689213911271	-0.06828738700441807	0.00796772078823672	-0.02298298868738132	0.031704764120303826	0.010047043368799658	0.021074398459002403	-0.02372105366731348	-0.0010435438480649079	-0.003865564536808479	-0.0014740811764447945	-0.0
1	-0.1797208904258013	-0.012031581135778669	-0.041660588652394526	-0.14475373903002303	-0.21950825252349884	0.020387623487015536	-0.02180257244138522	-0.033337091792977044	0.024807215939670387	-0.04984580336180825	-0.05545375178157214	-0.02217761499331106	-0.0033525583040433095	0.004508400632305089	0.0646633956537262	0.008311206815875893	-0.041269755171107564	-0.022936920501223552	0.04080878643159384	0.06619925154151679	0.028634846029606274	-0.08222590914582019	-0.023908266569807757	-0.012263030510053216	0.011414491726105579	0.07162763305105616	0.008160215140565483	-0.010148625194660716	-0.06175095626784703	0.0425215091913155	0.03264264013009374	-0.010775659859995181	0.030611327690971663	0.13271703777369104	-0.0539779155044722	0.043837217981843805	0.010560105253306508	0.005637919363989368	0.03826731545186042	-0.012290404112368704	-0.019317062175118572	-0.09125107267024618	-0.04260857954241791	-0.02624457589196564	0.014768622432372026	-0.05799772931347595	-0.17251191484120917	-0.040485032415198366	0.021825885750561356	0.04566294784862695	0.04326769730682181	0.0017175929986630507	-0.02475041694802785	0.004431291189494129	0.018978810436570757	-0.010762562378321534	0.008627791362151778	0.001250114092325148	-0.0
18	-0.0845392226153547	0.2873015522653914	0.014119321264874203	-0.05884376844325637	-0.19997444386409668	0.29893534039378	0.030236124255129206	0.16395886214357192	0.038026789192564324	0.16292814827975283	0.3054910079677198	0.07145533963366583	-0.003555793083820565	0.07261817167254171	-0.013689503885776362	0.1269281890207692	-0.05348550376177292	0.016591870996411705	0.018829181515557535	-0.030311032079008985	-0.04243057982128991	-0.03383124394866495	-0.02324384974265255	0.07496208658497594	-0.03497929878461732	0.011361971969332354	-0.006389292041492358	-0.07530197302331879	0.027916261953096575	0.03208317622696165	-0.009979978194584335	0.002079432064632334	-0.000623346335882771	0.0437171799168985	0.012512633552455613	-0.005196305696446566	0.004043703427424973	0.010939816925377188	-0.016822678539524388	-0.008941037700210226	-0.022770294143071378	0.03158713637398138	-0.004051427916418733	0.01554822012537117	-0.026387740444791072	0.03353045795693434	0.01062341975723537	0.008024063345212834	0.006642564033931441	0.0034684455729869276	0.004898451602053158	0.0075886079158555	0.015849443241672038	0.000973775292991042	-0.0027199509237064894	0.0036334798542143987	0.006711427177098153	-0.004415764297534054	-0.0

Biplot	0	0

Site constraints	0	0
